.Random.seed <-
c(403L, 8L, -165722574L, 1465373572L, -1745767993L, 311171229L, 
-885092332L, -1763055942L, -1307707643L, 790533343L, 2040976742L, 
-1898143504L, 2131829779L, 728410545L, -59988896L, 2142204414L, 
-1623468663L, 996315835L, -690389366L, 1718139244L, -1610088721L, 
1666009381L, -164780068L, -1785641550L, 978146477L, -2133035929L, 
-1477244018L, 1479494760L, 965879915L, 335720969L, -354419560L, 
-2134757434L, -838810847L, -1987276877L, -2032785630L, -1708787436L, 
-432809577L, 1053346189L, 182587556L, -247248246L, -1352498955L, 
-678992049L, -1731469226L, -1333146880L, -168001981L, -1391639071L, 
1996886352L, -1909471314L, -516686503L, -539456661L, -1453585702L, 
2014817180L, -577931361L, -1855996427L, 207310988L, 107811170L, 
-588640963L, 1001881015L, -626374050L, 1782160280L, 155595515L, 
-284919143L, -2146991320L, -1317277226L, 1328750161L, -430793469L, 
660918418L, -1326143964L, 720877799L, -1179497155L, 782690740L, 
46396954L, 1685452133L, -1199834113L, -1962288506L, 1734068752L, 
-1458712397L, -1527116975L, -238508288L, -1220434466L, -1583428055L, 
792454619L, 1620634346L, -1364596596L, -1740613681L, 1329549189L, 
1970822204L, 2007092498L, 1511148045L, -1261854393L, 1261724462L, 
-2112848248L, -968755317L, -656353431L, 1583171896L, 307401702L, 
-1971444863L, 1875696403L, 250750146L, 830947188L, 1142334327L, 
126948461L, 2114407172L, 1828647466L, -711172203L, -42482641L, 
-457163466L, 208225632L, 927204259L, -1551203135L, -1540717392L, 
-73145394L, -1774770375L, 312801099L, -792058630L, 1570610684L, 
584674879L, -1327271147L, -1604956116L, 1591415042L, -147432995L, 
-1884935977L, -1071492162L, 241825272L, -494710309L, 561446969L, 
-1245259384L, -1915210442L, -860901519L, -516620893L, -316849934L, 
237624388L, -794761465L, -1859172643L, -2136119340L, -1779173638L, 
-745608635L, 190171807L, 2080286758L, 2130459824L, 1289235795L, 
280926321L, -1519614560L, -653428418L, 988981321L, 471932155L, 
2142205130L, 1164519980L, -1452659153L, 1641606885L, 1342268316L, 
-657480206L, -1722498963L, 333842855L, 1692154830L, 1787232552L, 
-1206951125L, 344621385L, -384551336L, -561805562L, 1403757281L, 
-515848589L, -339538206L, -2028449196L, -1806533801L, 868220749L, 
1604068068L, 1408289482L, -24034507L, 1136200079L, 283221654L, 
804945472L, -3397885L, -1055629535L, -751458288L, 198307822L, 
439881625L, 1731491883L, 1138924826L, -1297256484L, 1122529759L, 
-1521134155L, 1908855628L, -1668009566L, -1307631363L, 1064127991L, 
-1164526818L, 1923089880L, 254574395L, -1249249063L, 1496618088L, 
-1439413866L, 65804561L, 184294083L, 2339538L, 1087394660L, -214288729L, 
28819453L, -1217938956L, 1458841306L, -1415006171L, -1791576769L, 
-533521722L, -322685104L, 1812727667L, 262687121L, -1123009600L, 
761916830L, -732397719L, 519175067L, 2086642346L, -1622291252L, 
-987818609L, -184847931L, -145672836L, -634135086L, -2015942323L, 
1368652807L, 1602665454L, 1557881544L, -1569595957L, -1915561943L, 
-1096417672L, -1946903642L, -944321087L, 925190739L, 1313308930L, 
1717045300L, -880995913L, 2057428592L, 484169252L, 804298808L, 
1099511066L, 969568464L, -808391364L, 147804052L, 480098178L, 
-1400737856L, -929386948L, -2051038832L, 1497383970L, 761766152L, 
1866802316L, 1096569628L, 729305234L, 212025728L, 92814356L, 
1577498408L, 519470650L, 150184400L, -794959508L, -149377100L, 
-1752615406L, 2027983840L, 1974293964L, -964344608L, 1443530786L, 
912428840L, -1876195828L, 1166953276L, -1768727566L, 1096536816L, 
-1604156860L, 954967640L, 352513850L, -1469715472L, -1251844420L, 
651418900L, -727007038L, 1163723872L, -494235268L, 506925008L, 
-1244501726L, -2102321496L, -1622715508L, 744297660L, -26253518L, 
1945465408L, 1609157812L, 496526408L, -1873493574L, -226333168L, 
321308908L, 1152766292L, 1267379986L, 1417409952L, 1200540364L, 
-1408244128L, -641908798L, 1496455976L, -979933780L, -280184516L, 
-1911154830L, -96995024L, -1923715292L, -1687093960L, -972358950L, 
-679041136L, 1442939644L, -907014252L, -194201534L, 1926216960L, 
984659004L, 1496130896L, -1560672094L, 988387144L, -1877307636L, 
929663708L, 1824312146L, -424254848L, -174340012L, 1928307688L, 
1867781882L, -277745328L, 599501612L, -1786118284L, -1537025134L, 
-614465952L, -1185079412L, 1420731232L, -1415823390L, -1137328216L, 
665535692L, 324992508L, 862815154L, -525356560L, 965661124L, 
-2099445416L, 764278138L, -1230335568L, 515366844L, 1695871060L, 
-516148286L, 26287136L, 1032010940L, -192712112L, -1512835102L, 
1857998440L, -1664222644L, 1288147196L, 531660786L, 81360128L, 
393883508L, -1980563448L, -1161445958L, 1361020368L, 1837063148L, 
326303636L, -2046028846L, 1149200224L, 391757132L, 327466272L, 
426255234L, 95777512L, -1637530388L, 1257316924L, -1745435790L, 
26745456L, 264319012L, 1313767224L, -43129702L, 1816484560L, 
-1944926020L, 1833449108L, 1283591810L, -500392768L, 1964011836L, 
-1939429232L, 470409762L, 101850632L, -1522525940L, -1141863780L, 
130737682L, -1271331456L, 2145531412L, 1047457320L, 1934701882L, 
-1117276208L, -1529208212L, 1021505332L, 564140690L, -1718052512L, 
1791691084L, 11804640L, 1054963618L, 452276136L, -43981940L, 
-1491102020L, -1770783886L, 971659504L, -827092924L, 1949302104L, 
1590297658L, -1507656848L, 1296460860L, 573424404L, 729784770L, 
-1408991008L, 1881573244L, 320026320L, -1326299486L, 875301928L, 
1836388620L, -758961220L, 1957559602L, -1742669888L, -786091468L, 
-448840760L, -1766468422L, -626360432L, -686936596L, 1361129556L, 
1491488402L, 1602016032L, 757900748L, -772408352L, -475620670L, 
-1908684248L, -131864916L, -84677956L, 779897330L, -1962534608L, 
1936604324L, 551467704L, 2058703706L, 980284816L, 1057046908L, 
1171088660L, -1978527422L, 135576320L, -76788804L, -2009812144L, 
991500578L, 1741765960L, 1346967564L, 1480573020L, 56155346L, 
-1679083520L, -1442399404L, 638507496L, -91369478L, 883363536L, 
-865217236L, 639598836L, 1561786258L, -1791239072L, 1191537932L, 
1545273056L, -521683614L, 1755095720L, -1410151860L, 1469843324L, 
2081475378L, -1518029200L, 752155972L, 45259736L, 848604071L, 
-1166987568L, 356065390L, -1749571813L, 691521661L, 1625486954L, 
469079816L, -1104255055L, -1788383197L, 1332613412L, -1445796398L, 
-462293465L, 1153515633L, -1010620746L, 1411136084L, -1052502299L, 
1681642223L, -912703960L, 2022439558L, -566639437L, 45320725L, 
720657522L, -1489700672L, 99052841L, 2141885339L, -1268366228L, 
-1545729926L, -694677073L, 1270630585L, 708451022L, 1259149340L, 
303684493L, 1862419959L, 2015000832L, 515200862L, -1321201621L, 
-1036513491L, 2059834266L, 1314115928L, 1993852097L, 152077171L, 
1787166868L, 1761797410L, 852997175L, -273699583L, 1645318150L, 
848176708L, 1019854709L, 493318879L, -210702792L, 30117398L, 
1428881955L, -45478427L, -22150142L, 165062256L, -1370151911L, 
910345739L, -576752388L, -1546815190L, 546299743L, 205143785L, 
1001250302L, -650038804L, 1451735357L, -1769166585L, 1897388272L, 
-862894962L, 283623099L, -891842915L, -1926645174L, -359393176L, 
691996753L, 779696963L, -360321468L, 1863044338L, 2069555399L, 
427100817L, 1599427606L, 1409703540L, -692737787L, -1810274481L, 
1406226760L, 523402470L, -1471024621L, -44546699L, -1492960942L, 
-806973024L, 1071310985L, -1164902213L, 1960549132L, 910617242L, 
992632847L, -1828182951L, -275650322L, 2127129468L, -1578289171L, 
-2012671849L, -980542624L, -761210050L, -943696885L, -1756818291L, 
-1316117062L, 1623591928L, 609470369L, 8192339L, -1047601036L, 
-1552993790L, 455011479L, 538078817L, 1637930662L, 642113188L, 
-1340867755L, 1776474111L, -311040360L, -1364972618L, 2047451203L, 
493853061L, -134485470L, 1733214480L, 1055547577L, 1269302635L, 
-1892803492L, 737997194L, -1601923713L, 884889801L, 1180212574L, 
494689804L, 1228181981L, 1828688103L, -1102895856L, 1762733102L, 
1439101659L, 1516610493L, 728055082L, 720404936L, -769900815L, 
-1701392285L, -2085723036L, -313047150L, -937415577L, 1942529073L, 
1235070326L, -1970918764L, -588982107L, -2001019473L, -648608152L, 
1418018374L, -2105476109L, -1027593387L, 1700955442L, 1901529344L, 
